int v0[] = {
  718451,
  475741,
  213555,
  561449,
  941736,
  744557,
  44145,
  747736,
  569394,
  109188,
  809360,
  458619,
  254721,
  957531,
  594876,
  718753,
  4744,
  762688,
  325562,
  123033,
  608010,
  597528,
  370415,
  946362,
  479040,
  894382,
  899890,
  60877,
  238067,
  702470,
  55766,
  816812,
  985770,
  75988,
  947183,
  901799,
  50439,
  325130,
  475358,
  224676,
  129966,
  480996,
  736527,
  204524,
  783427,
  360766,
  755540,
  268536,
  948212,
  747277,
  385698,
  894779,
  133264,
  489570,
  155536,
  795418,
  530891,
  237668,
  117567,
  8878,
  155061,
  723490,
  698813,
  552271,
  901819,
  136740,
  972663,
  171468,
  932913,
  773253,
  801348,
  651207,
  528163,
  385848,
  149703,
  629017,
  451255,
  898030,
  564258,
  460983,
  725252,
  632089,
  309621,
  352783,
  854471,
  669125,
  181573,
  389274,
  486593,
  82061,
  898087,
  906174,
  386544,
  587460,
  391379,
  59978,
  833644,
  908366,
  630825,
  662456,
};

int v1[] = {
  139743,
  195824,
  358086,
  769409,
  768429,
  476830,
  730282,
  734233,
  162035,
  371164,
  34001,
  121408,
  772212,
  662976,
  577096,
  343487,
  694376,
  782718,
  60194,
  924285,
  478611,
  472845,
  870975,
  26359,
  413065,
  385937,
  27074,
  333485,
  486191,
  718526,
  716490,
  69140,
  230155,
  898395,
  535832,
  634281,
  380229,
  731448,
  108131,
  312139,
  332373,
  784176,
  238558,
  952199,
  932687,
  911327,
  942250,
  78949,
  720568,
  855095,
  602085,
  126912,
  197454,
  238322,
  765172,
  208140,
  746317,
  866075,
  73176,
  10733,
  441039,
  321280,
  682418,
  271055,
  698701,
  432512,
  392809,
  208338,
  951621,
  307226,
  983377,
  642373,
  310002,
  88179,
  174700,
  111523,
  539671,
  620741,
  442253,
  212157,
  143429,
  308592,
  269988,
  586244,
  676922,
  544013,
  862382,
  743993,
  715475,
  822322,
  345685,
  235424,
  276507,
  99481,
  134922,
  605717,
  764748,
  413985,
  112887,
  625614,
};

int v2[] = {
  599301,
  104986,
  340258,
  532419,
  106083,
  667683,
  753291,
  598866,
  164313,
  391306,
  140215,
  286903,
  672966,
  482103,
  262403,
  161609,
  502263,
  550709,
  545164,
  364829,
  432056,
  99983,
  999155,
  1837,
  887990,
  863019,
  55096,
  10835,
  289073,
  764680,
  28270,
  423122,
  6527,
  593923,
  427408,
  936861,
  852614,
  985024,
  664773,
  450062,
  128841,
  270182,
  421726,
  288337,
  30356,
  264681,
  783748,
  468631,
  341747,
  156252,
  226293,
  799359,
  554885,
  308838,
  543676,
  582148,
  238870,
  839657,
  456114,
  698018,
  410049,
  544191,
  740824,
  151675,
  444484,
  871136,
  788573,
  541232,
  63207,
  285352,
  504368,
  538374,
  231628,
  944196,
  46236,
  146091,
  404246,
  83435,
  76069,
  923672,
  398307,
  286479,
  232802,
  959262,
  346618,
  290301,
  461875,
  812564,
  133578,
  43760,
  776231,
  764859,
  492750,
  953882,
  159366,
  478556,
  320403,
  726293,
  336998,
  318033,
};

int v3[] = {
  105729,
  870288,
  34261,
  383571,
  705994,
  322249,
  236331,
  486564,
  539987,
  915991,
  860410,
  977430,
  733342,
  182631,
  523631,
  810341,
  406565,
  173387,
  63935,
  180668,
  760940,
  270409,
  84163,
  705207,
  732200,
  946241,
  799313,
  398975,
  115756,
  431940,
  478949,
  70981,
  678004,
  968189,
  46008,
  106934,
  390718,
  457985,
  88370,
  649715,
  240865,
  236546,
  114698,
  165040,
  30543,
  421478,
  772208,
  74639,
  120152,
  193209,
  946793,
  94478,
  439486,
  991204,
  362194,
  726220,
  166042,
  113111,
  112408,
  800526,
  912919,
  676979,
  388159,
  778678,
  277492,
  430181,
  695106,
  325360,
  308693,
  65895,
  941611,
  850627,
  598180,
  445963,
  285406,
  687360,
  530447,
  25866,
  870556,
  11861,
  586373,
  470770,
  968492,
  83074,
  744000,
  527226,
  303230,
  727500,
  557722,
  938344,
  405653,
  579967,
  43695,
  488777,
  397524,
  734756,
  451688,
  877901,
  879261,
  362970,
};

int v4[] = {
  543701,
  982345,
  918143,
  502865,
  467507,
  558863,
  238334,
  483214,
  998015,
  573834,
  678729,
  259842,
  587627,
  263289,
  797721,
  527983,
  709263,
  120870,
  381938,
  43707,
  968173,
  660046,
  464617,
  770089,
  483668,
  167291,
  16713,
  706068,
  569435,
  673361,
  477844,
  768632,
  666509,
  775843,
  171454,
  821089,
  205380,
  468004,
  431079,
  796338,
  388679,
  365908,
  731606,
  219077,
  243639,
  144650,
  628825,
  685973,
  919385,
  641412,
  80637,
  425869,
  751573,
  199419,
  324595,
  812100,
  456741,
  429593,
  139170,
  377743,
  364661,
  906266,
  247826,
  906193,
  937365,
  171336,
  253723,
  196493,
  908089,
  545907,
  66840,
  118390,
  803845,
  771792,
  529319,
  160149,
  673607,
  56839,
  72716,
  230195,
  427037,
  424345,
  794685,
  708332,
  693905,
  380049,
  539433,
  931441,
  285369,
  745973,
  84388,
  415510,
  198887,
  723024,
  809274,
  846127,
  298389,
  383437,
  577470,
  248181,
};

int v5[] = {
  247521,
  205463,
  463515,
  410035,
  317961,
  451526,
  500298,
  54709,
  50512,
  438197,
  406188,
  321369,
  499220,
  256170,
  934752,
  767852,
  41570,
  193511,
  557301,
  811458,
  357974,
  284172,
  264065,
  548527,
  780581,
  180628,
  499827,
  665646,
  475532,
  814850,
  504658,
  193601,
  486563,
  899958,
  573643,
  336889,
  105624,
  272191,
  686572,
  549749,
  988127,
  428322,
  410464,
  929010,
  521603,
  938975,
  649992,
  106864,
  71707,
  984465,
  252873,
  804470,
  732069,
  851994,
  404376,
  653006,
  156336,
  472536,
  925857,
  389457,
  204349,
  99129,
  473757,
  701149,
  647581,
  830891,
  502236,
  375285,
  213628,
  174582,
  552497,
  209987,
  620454,
  320755,
  45252,
  455503,
  637800,
  113305,
  5614,
  441199,
  507527,
  531192,
  518443,
  56260,
  919603,
  165540,
  988706,
  120545,
  840468,
  127640,
  173123,
  6546,
  543485,
  146052,
  166722,
  879954,
  190373,
  968143,
  896959,
  756246,
};

int v6[] = {
  931249,
  277769,
  138677,
  261525,
  585343,
  193472,
  5691,
  315000,
  711429,
  431854,
  144135,
  280955,
  81437,
  298124,
  297495,
  613981,
  854053,
  198707,
  990860,
  510309,
  620444,
  171205,
  996295,
  291126,
  504457,
  587466,
  751424,
  791140,
  716084,
  983942,
  794382,
  406702,
  246344,
  476172,
  493343,
  115658,
  486988,
  745636,
  89340,
  911468,
  139317,
  452730,
  251572,
  257306,
  287405,
  306076,
  581305,
  123922,
  202059,
  635766,
  559928,
  148365,
  64736,
  511326,
  876186,
  181385,
  509640,
  976715,
  932319,
  540244,
  230650,
  509315,
  239694,
  395083,
  540242,
  298052,
  417591,
  949357,
  799015,
  479197,
  530360,
  347354,
  814290,
  336522,
  542593,
  216755,
  237640,
  843957,
  525246,
  430495,
  357915,
  404098,
  717592,
  989012,
  155051,
  312216,
  413683,
  862409,
  595124,
  900653,
  757458,
  18524,
  526977,
  301946,
  431839,
  980818,
  231399,
  92407,
  369931,
  5966,
};

int v7[] = {
  980326,
  467790,
  564811,
  398799,
  8865,
  896254,
  822089,
  629545,
  396602,
  968168,
  621440,
  28654,
  346111,
  210342,
  889442,
  227876,
  885962,
  796698,
  467435,
  352438,
  820133,
  821504,
  346299,
  67407,
  982149,
  682249,
  660167,
  82248,
  751203,
  396882,
  690342,
  477747,
  873648,
  790157,
  626845,
  663771,
  857986,
  689922,
  985130,
  314519,
  692720,
  408797,
  219645,
  551123,
  615461,
  760682,
  107323,
  75257,
  364291,
  920466,
  924542,
  579298,
  415549,
  447644,
  237830,
  966717,
  916944,
  915547,
  410872,
  541422,
  892523,
  505309,
  854111,
  394289,
  399508,
  449437,
  826122,
  614781,
  472914,
  650181,
  264824,
  946634,
  229388,
  45831,
  61118,
  861576,
  810402,
  901792,
  796900,
  381423,
  738758,
  303212,
  509913,
  124889,
  681095,
  841903,
  285380,
  404384,
  130608,
  388904,
  882007,
  453964,
  889573,
  342373,
  357254,
  251243,
  438027,
  968637,
  111672,
  657072,
};

int v8[] = {
  770309,
  52436,
  950438,
  246225,
  235887,
  261788,
  185621,
  213806,
  605122,
  769297,
  305172,
  411393,
  747131,
  611709,
  678327,
  544349,
  153514,
  222795,
  951265,
  506622,
  181329,
  204572,
  32727,
  923378,
  670923,
  906971,
  912134,
  335309,
  920307,
  935834,
  260719,
  225958,
  926889,
  150977,
  537587,
  751259,
  470490,
  393793,
  351207,
  495713,
  712525,
  794970,
  85898,
  751057,
  503349,
  345074,
  215381,
  539244,
  174143,
  181318,
  106114,
  192475,
  532130,
  766092,
  175604,
  688910,
  721887,
  504357,
  896825,
  283073,
  638880,
  741653,
  443737,
  936943,
  365918,
  972644,
  171,
  360122,
  16759,
  987202,
  759790,
  749823,
  143865,
  185314,
  48307,
  800880,
  953660,
  289456,
  500965,
  950722,
  623416,
  156910,
  206150,
  667875,
  718800,
  938552,
  502486,
  478932,
  500564,
  77387,
  470034,
  733510,
  858901,
  639444,
  426213,
  916320,
  139740,
  392689,
  166002,
  361630,
};

int v9[] = {
  856913,
  339173,
  445383,
  393512,
  648772,
  809866,
  506703,
  118389,
  959341,
  730414,
  431327,
  39335,
  12146,
  850639,
  27685,
  451424,
  703706,
  317645,
  756035,
  113272,
  68951,
  441710,
  723400,
  634837,
  867658,
  65075,
  838694,
  884036,
  977421,
  936468,
  939464,
  232399,
  98992,
  460746,
  444332,
  923471,
  808999,
  40439,
  696268,
  687116,
  467348,
  59727,
  97261,
  925611,
  903442,
  862240,
  43017,
  944067,
  693254,
  290605,
  969770,
  260235,
  323355,
  450345,
  675703,
  306393,
  126644,
  160803,
  921490,
  206699,
  790461,
  287685,
  206550,
  366615,
  692625,
  313111,
  294987,
  228218,
  215926,
  406511,
  925103,
  243686,
  902833,
  111825,
  97643,
  501698,
  539918,
  938242,
  841099,
  587508,
  733132,
  215726,
  378703,
  240431,
  634821,
  778527,
  867029,
  896249,
  720992,
  546322,
  969274,
  605726,
  482398,
  373530,
  742681,
  909978,
  528982,
  336666,
  313653,
  78788,
};

int vsum2[] = {
  858194,
  671565,
  571641,
  1330858,
  1710165,
  1221387,
  774427,
  1481969,
  731429,
  480352,
  843361,
  580027,
  1026933,
  1620507,
  1171972,
  1062240,
  699120,
  1545406,
  385756,
  1047318,
  1086621,
  1070373,
  1241390,
  972721,
  892105,
  1280319,
  926964,
  394362,
  724258,
  1420996,
  772256,
  885952,
  1215925,
  974383,
  1483015,
  1536080,
  430668,
  1056578,
  583489,
  536815,
  462339,
  1265172,
  975085,
  1156723,
  1716114,
  1272093,
  1697790,
  347485,
  1668780,
  1602372,
  987783,
  1021691,
  330718,
  727892,
  920708,
  1003558,
  1277208,
  1103743,
  190743,
  19611,
  596100,
  1044770,
  1381231,
  823326,
  1600520,
  569252,
  1365472,
  379806,
  1884534,
  1080479,
  1784725,
  1293580,
  838165,
  474027,
  324403,
  740540,
  990926,
  1518771,
  1006511,
  673140,
  868681,
  940681,
  579609,
  939027,
  1531393,
  1213138,
  1043955,
  1133267,
  1202068,
  904383,
  1243772,
  1141598,
  663051,
  686941,
  526301,
  665695,
  1598392,
  1322351,
  743712,
  1288070,
};

int vsum3[] = {
  1457495,
  776551,
  911899,
  1863277,
  1816248,
  1889070,
  1527718,
  2080835,
  895742,
  871658,
  983576,
  866930,
  1699899,
  2102610,
  1434375,
  1223849,
  1201383,
  2096115,
  930920,
  1412147,
  1518677,
  1170356,
  2240545,
  974558,
  1780095,
  2143338,
  982060,
  405197,
  1013331,
  2185676,
  800526,
  1309074,
  1222452,
  1568306,
  1910423,
  2472941,
  1283282,
  2041602,
  1248262,
  986877,
  591180,
  1535354,
  1396811,
  1445060,
  1746470,
  1536774,
  2481538,
  816116,
  2010527,
  1758624,
  1214076,
  1821050,
  885603,
  1036730,
  1464384,
  1585706,
  1516078,
  1943400,
  646857,
  717629,
  1006149,
  1588961,
  2122055,
  975001,
  2045004,
  1440388,
  2154045,
  921038,
  1947741,
  1365831,
  2289093,
  1831954,
  1069793,
  1418223,
  370639,
  886631,
  1395172,
  1602206,
  1082580,
  1596812,
  1266988,
  1227160,
  812411,
  1898289,
  1878011,
  1503439,
  1505830,
  1945831,
  1335646,
  948143,
  2020003,
  1906457,
  1155801,
  1640823,
  685667,
  1144251,
  1918795,
  2048644,
  1080710,
  1606103,
};

int vsum10[] = {
  5893243,
  3971815,
  4427127,
  4459809,
  4786577,
  5383088,
  4022785,
  4382062,
  5156750,
  5699413,
  4430977,
  3185908,
  4706913,
  4775514,
  5583428,
  5167655,
  4956016,
  4119728,
  5099689,
  3930621,
  5296621,
  4023974,
  5152111,
  4915129,
  6801731,
  5679259,
  5460332,
  4268619,
  5539069,
  7358953,
  4946884,
  3685094,
  5199401,
  6090348,
  4803635,
  6192012,
  4609467,
  5109572,
  4576228,
  5391495,
  4220761,
  4282354,
  3307955,
  5243284,
  4851912,
  5315949,
  5479589,
  3366082,
  4555518,
  5605865,
  5054733,
  4326240,
  4144501,
  5254754,
  4520872,
  5920437,
  4570312,
  5516062,
  4985798,
  3856793,
  5040592,
  5315297,
  4975889,
  5453951,
  5905735,
  4906040,
  5143981,
  3970654,
  4882765,
  4675306,
  6330118,
  5298455,
  5182648,
  3636225,
  1980277,
  4570552,
  5778646,
  4771663,
  4695676,
  4630215,
  5241146,
  3733413,
  4906389,
  4768162,
  6425286,
  5447452,
  5405777,
  6367291,
  4966493,
  4673366,
  5761940,
  4720204,
  4699717,
  4655969,
  4017174,
  6663447,
  4197393,
  6068524,
  4395658,
  4076956,
};

